symbols,entrezID,logFC,AveExpr,t,P.Value,adj.P.Val,B
1552619_a_at,ANLN,54443,6.048043812,7.340272319,81.21889994,1.09E-07,0.002310037,7.079213552
226661_at,CDCA2,157313,5.219223348,6.915439438,68.40296235,2.19E-07,0.002310037,6.878383719
208079_s_at,AURKA,6790,6.639889242,8.395724639,68.00531964,2.24E-07,0.002310037,6.870607318
203764_at,DLGAP5,9787,7.982528376,7.839559762,63.34011326,2.99E-07,0.002310037,6.770335591
227405_s_at,NA,NA,4.979146149,8.900645517,61.76285999,3.32E-07,0.002310037,6.732247746
209773_s_at,RRM2,6241,8.46412153,8.820801721,58.14828536,4.24E-07,0.002310037,6.635603754
202095_s_at,BIRC5,332,7.364660212,8.625008665,56.58934376,4.74E-07,0.002310037,6.589421078
204825_at,MELK,9833,5.8536872,7.735034465,55.73608446,5.04E-07,0.002310037,6.56287304
218755_at,KIF20A,10112,5.747571142,7.332883822,55.05924654,5.29E-07,0.002310037,6.541139878
230655_at,NA,NA,4.111297501,6.769011492,53.67055582,5.87E-07,0.002310037,6.494584073
237435_at,NA,NA,6.401861424,6.880349012,53.62434287,5.89E-07,0.002310037,6.492987643
213711_at,KRT81,3887,7.925188211,10.34855072,53.57702019,5.92E-07,0.002310037,6.491349649
210559_s_at,CDK1,983,8.049659726,8.440619634,50.99887833,7.23E-07,0.002371708,6.396928914
228273_at,PRR11,55771,7.89282546,8.972206852,50.76942079,7.36E-07,0.002371708,6.388006119
204728_s_at,WDHD1,11169,4.552284467,5.97162356,49.89890626,7.90E-07,0.002371708,6.353330292
225834_at,NA,NA,6.506281735,7.720292672,49.89401934,7.90E-07,0.002371708,6.353131868
209016_s_at,KRT7,3855,4.742645201,10.63572046,47.78130832,9.42E-07,0.002371708,6.263194056
208025_s_at,HMGA2,8091,6.160592197,6.884641957,47.59039152,9.58E-07,0.002371708,6.254640304
1569322_at,LINC00857,439990,3.764812045,7.316156734,46.59571364,1.04E-06,0.002371708,6.208859065
220060_s_at,PARPBP,55010,3.970816114,5.94384035,45.62455562,1.14E-06,0.002371708,6.162108986
203968_s_at,CDC6,990,5.115160482,6.420412706,45.00737565,1.20E-06,0.002371708,6.13129231
209053_s_at,WHSC1,7468,3.18045079,7.660796558,44.43059331,1.27E-06,0.002371708,6.101682293
203499_at,EPHA2,1969,4.716160522,8.997859728,44.21320651,1.29E-06,0.002371708,6.090313597
204092_s_at,AURKA,6790,5.823838007,8.023982472,44.13078903,1.30E-06,0.002371708,6.085973003
209464_at,AURKB,9212,4.682156936,6.550761577,43.01041418,1.44E-06,0.002548033,6.025262507
207165_at,HMMR,3161,6.88882069,7.489940945,41.71226417,1.64E-06,0.002648926,5.950744254
206653_at,POLR3G,10622,5.542099878,7.451528772,41.0153755,1.75E-06,0.002648926,5.908773642
212909_at,LYPD1,116372,4.225601056,6.608139133,40.86993103,1.78E-06,0.002648926,5.899833251
219650_at,ERCC6L,54821,4.291731112,6.919003099,40.49770578,1.85E-06,0.002648926,5.876661172
218355_at,KIF4A,24137,5.947990198,7.424410064,40.38160194,1.87E-06,0.002648926,5.869346465
221916_at,NEFL,4747,5.143423375,8.499691051,40.26094464,1.89E-06,0.002648926,5.861700546
218663_at,NCAPG,64151,5.536528485,6.675024367,39.87126246,1.97E-06,0.002686792,5.83669417
203418_at,CCNA2,890,5.306123524,6.861969231,39.19399743,2.11E-06,0.002735844,5.792069093
211713_x_at,KIAA0101,9768,2.75384131,7.021016178,38.99363516,2.15E-06,0.002735844,5.778576406
218622_at,NUP37,79023,2.983931647,9.84905747,38.25817854,2.32E-06,0.002742255,5.727872757
203819_s_at,NA,NA,5.939969219,6.781830359,37.95732224,2.40E-06,0.002742255,5.706584092
204887_s_at,PLK4,10733,3.304404531,6.671377649,37.92989914,2.41E-06,0.002742255,5.704627475
202094_at,BIRC5,332,5.830518341,7.398048214,36.74708159,2.74E-06,0.002982202,5.617582216
224325_at,NA,NA,5.376870513,8.062225122,36.70053868,2.75E-06,0.002982202,5.614048182
205483_s_at,ISG15,9636,2.979578675,9.745618041,36.60396747,2.78E-06,0.002982202,5.606688417
207039_at,CDKN2A,1029,4.290150028,6.09740257,36.31383833,2.87E-06,0.003017055,5.584355836
202990_at,PYGL,5836,3.18088458,9.62302236,36.14483487,2.93E-06,0.003017055,5.57119174
204962_s_at,NA,NA,6.760139178,7.781417481,35.84748094,3.03E-06,0.003017055,5.547748334
223278_at,GJB2,2706,4.547890671,6.074780071,35.66827499,3.09E-06,0.003017055,5.533443751
219715_s_at,TDP1,55775,2.969138665,7.97958287,35.08682776,3.30E-06,0.003168668,5.486098923
203210_s_at,RFC5,5985,3.904630963,7.144640511,34.41789292,3.57E-06,0.003185499,5.429810666
204126_s_at,CDC45,8318,4.078482519,7.031120404,34.28579893,3.63E-06,0.003185499,5.418458193
226034_at,DUSP4,1846,5.100429577,8.175427963,34.1594147,3.68E-06,0.003185499,5.407521663
218115_at,ASF1B,55723,4.87287717,7.896007852,34.12624429,3.70E-06,0.003185499,5.404639104
205394_at,CHEK1,1111,4.867577539,6.707418094,34.08919032,3.71E-06,0.003185499,5.401413037
212949_at,NCAPH,23397,4.637869135,6.901301471,34.05535167,3.73E-06,0.003185499,5.398461345
226473_at,CBX2,84733,2.996538728,6.809270304,33.49080537,3.99E-06,0.003356688,5.348422261
41469_at,PI3,5266,4.444872757,8.64732617,32.79678745,4.34E-06,0.003518988,5.284792225
216641_s_at,LAD1,3898,2.845383659,7.55780908,32.55564226,4.48E-06,0.003518988,5.262118368
225300_at,KNSTRN,90417,3.702337439,8.422291761,32.31075984,4.62E-06,0.003518988,5.238786956
221801_x_at,NEFL,4747,4.837364716,5.970116389,32.30002853,4.62E-06,0.003518988,5.237757382
201890_at,RRM2,6241,7.813764242,8.867526918,32.23187457,4.66E-06,0.003518988,5.231204534
219000_s_at,DSCC1,79075,3.50686812,8.37213693,32.1038355,4.74E-06,0.003518988,5.218827716
206364_at,KIF14,9928,5.139450072,6.779720282,32.00918716,4.79E-06,0.003518988,5.209622719
206023_at,NMU,10874,5.857068652,7.354538999,31.95641016,4.83E-06,0.003518988,5.20446915
229097_at,DIAPH3,81624,4.626830561,7.399185901,31.74045577,4.96E-06,0.003569553,5.183225512
209642_at,BUB1,699,6.76854554,7.217234299,31.04032832,5.43E-06,0.003802386,5.112588699
218399_s_at,CDCA4,55038,3.554289852,8.384132114,30.74426146,5.65E-06,0.003802386,5.081883456
238015_at,C4orf46,201725,3.064434495,6.249632646,30.45321564,5.87E-06,0.003802386,5.051200638
1554195_a_at,C5orf46,389336,6.785502492,8.547596175,30.39357591,5.92E-06,0.003802386,5.044851336
203565_s_at,MNAT1,4331,2.892784282,8.827699479,30.25040401,6.03E-06,0.003802386,5.029522137
204558_at,RAD54L,8438,3.591844995,6.954953399,30.1968897,6.07E-06,0.003802386,5.02376072
206448_at,ZNF365,22891,4.084003353,7.335802459,30.16488168,6.10E-06,0.003802386,5.020306402
205266_at,LIF,3976,3.764681814,7.566735052,30.08779604,6.16E-06,0.003802386,5.011961709
1554696_s_at,TYMS,7298,5.987388141,7.989357967,29.91073859,6.31E-06,0.003802386,4.992657032
212021_s_at,MKI67,4288,4.386222274,7.218390772,29.84765357,6.37E-06,0.003802386,4.985732087
210052_s_at,TPX2,22974,7.073975795,8.213958189,29.81699867,6.39E-06,0.003802386,4.982358124
225842_at,PHLDA1,22822,3.758438081,9.832831489,29.5775254,6.61E-06,0.003802386,4.955798513
210334_x_at,BIRC5,332,5.120805776,7.670175278,29.4895416,6.69E-06,0.003802386,4.945949391
209709_s_at,HMMR,3161,5.833942932,7.205844859,29.45538964,6.72E-06,0.003802386,4.942113051
213421_x_at,PRSS3,5646,4.90120005,9.313580943,29.40715494,6.76E-06,0.003802386,4.936682066
222039_at,KIF18B,146909,5.417231338,6.683096395,29.35054317,6.82E-06,0.003802386,4.930288818
202533_s_at,DHFR,1719,3.236820614,5.994989587,29.06429049,7.09E-06,0.00384071,4.897643957
218662_s_at,NCAPG,64151,4.780283545,7.318349217,28.9956785,7.16E-06,0.00384071,4.889739638
204285_s_at,PMAIP1,5366,3.623337766,8.205960405,28.99133771,7.17E-06,0.00384071,4.889238519
203554_x_at,PTTG1,9232,5.172974654,9.710557848,28.8065083,7.35E-06,0.003865808,4.867784962
205519_at,WDR76,79968,3.244746706,5.940419104,28.4274669,7.76E-06,0.003973899,4.823069033
242037_at,ASPH,444,4.172204396,6.233816561,28.38273589,7.81E-06,0.003973899,4.817727275
221586_s_at,E2F5,1875,3.067245706,7.17038746,28.29408783,7.91E-06,0.003973899,4.807100037
218542_at,CEP55,55165,6.358496444,6.864831913,28.28069849,7.92E-06,0.003973899,4.805490161
204603_at,EXO1,9156,4.358653358,6.61898048,28.08901389,8.15E-06,0.003973899,4.782305292
238075_at,CHEK1,1111,3.762209409,6.768923003,28.06405682,8.17E-06,0.003973899,4.779267628
208322_s_at,ST3GAL1,6482,3.053574748,8.240993519,28.03225499,8.21E-06,0.003973899,4.775390459
1564381_s_at,CEBPZOS,100505876,2.373198594,5.551088022,28.0211554,8.23E-06,0.003973899,4.774035547
205626_s_at,CALB1,793,7.988138575,7.897119235,27.90470928,8.37E-06,0.003973899,4.759768239
205625_s_at,CALB1,793,8.61225194,8.428703279,27.83932751,8.45E-06,0.003973899,4.751714947
1554408_a_at,TK1,7083,5.610076045,7.973154397,27.80286682,8.49E-06,0.003973899,4.747210605
243367_at,NA,NA,2.720141845,7.062434218,27.70273015,8.62E-06,0.003973899,4.7347903
216685_s_at,MTAP,4507,2.30610613,6.740000415,27.62216881,8.72E-06,0.003973899,4.724745079
214710_s_at,CCNB1,891,6.080493561,8.52661154,27.51088978,8.86E-06,0.003973899,4.710791491
201870_at,TOMM34,10953,2.619070149,9.013182323,27.50952763,8.86E-06,0.003973899,4.710620123
206140_at,LHX2,9355,3.196529243,5.170156796,27.35876941,9.06E-06,0.004028505,4.691568714
226064_s_at,DGAT2,84649,2.025435803,6.5547554,27.24330033,9.22E-06,0.0040651,4.676862194
225881_at,SLC35B4,84912,2.19510702,8.525831376,26.91461174,9.68E-06,0.004179899,4.634446764
209949_at,NCF2,4688,3.267065911,6.749228255,26.86433001,9.76E-06,0.004179899,4.627885155
219330_at,VANGL1,81839,2.512927943,7.759080545,26.70373352,1.00E-05,0.004179899,4.60679623
201995_at,EXT1,2131,2.695159925,10.06876181,26.57256738,1.02E-05,0.004179899,4.58942199
204023_at,RFC4,5984,3.149421037,8.853698188,26.54657466,1.02E-05,0.004179899,4.585962858
232278_s_at,DEPDC1,55635,5.412652263,6.606567729,26.53942673,1.03E-05,0.004179899,4.585010666
204318_s_at,GTSE1,51512,4.829356534,6.953549101,26.45265343,1.04E-05,0.004179899,4.573418958
206102_at,GINS1,9837,6.103463459,7.626247235,26.44868536,1.04E-05,0.004179899,4.572887442
224623_at,NA,NA,2.612835642,9.977989435,26.44685436,1.04E-05,0.004179899,4.57264214
226350_at,CHML,1122,3.738433021,9.23667019,26.12886005,1.09E-05,0.004303178,4.529629802
220651_s_at,MCM10,55388,5.125432917,6.063553328,26.07786222,1.10E-05,0.004303178,4.522655139
223586_at,ARNTL2,56938,5.387879696,8.284901078,26.06052621,1.10E-05,0.004303178,4.520279326
224469_s_at,INF2,64423,3.303061029,8.261815008,26.0247897,1.11E-05,0.004303178,4.515373998
202338_at,TK1,7083,4.744560978,8.146615682,25.84483496,1.14E-05,0.004306746,4.49051168
212502_at,ADO,84890,2.888449226,9.680050147,25.73554662,1.16E-05,0.004348265,4.475280276
203691_at,PI3,5266,5.110373555,8.525009445,25.65977628,1.18E-05,0.004370568,4.464661008
218741_at,CENPM,79019,3.697361381,7.264145236,25.44239516,1.22E-05,0.00446245,4.433922845
203145_at,SPAG5,10615,4.425787389,7.570686056,25.36024367,1.23E-05,0.00446245,4.422200357
201584_s_at,DDX39A,10212,2.428349585,10.78686388,25.35962515,1.23E-05,0.00446245,4.422111876
1558750_a_at,NA,NA,3.809976725,5.333406549,25.29578377,1.25E-05,0.004468367,4.412961209
205393_s_at,CHEK1,1111,4.64574724,6.207108319,25.08112855,1.29E-05,0.004508633,4.381931013
216952_s_at,LMNB2,84823,3.281327925,8.280363751,25.04127231,1.30E-05,0.004508633,4.376124507
203214_x_at,CDK1,983,7.245770113,8.550106402,24.93243664,1.32E-05,0.004508633,4.360196228
48808_at,DHFR,1719,2.853583105,8.171336213,24.78722105,1.35E-05,0.004508633,4.3387773
230448_at,SLC38A10,124565,2.361686693,6.99297775,24.75886837,1.36E-05,0.004508633,4.33457299
219148_at,PBK,55872,7.496439351,7.926334257,24.71736553,1.37E-05,0.004508633,4.328405443
226017_at,CMTM7,112616,3.006191696,8.978516981,24.71043243,1.37E-05,0.004508633,4.327373608
205436_s_at,H2AFX,3014,3.351393179,9.569840713,24.596395,1.39E-05,0.004532865,4.310338272
205909_at,POLE2,5427,4.657467839,7.242081652,24.520828,1.41E-05,0.004541994,4.298983536
203967_at,CDC6,990,4.930630673,6.421991795,24.43152109,1.43E-05,0.004557106,4.285495631
243840_at,CLSPN,63967,3.177358188,5.768437731,24.41110767,1.44E-05,0.004557106,4.282402131
236641_at,KIF14,9928,4.898430053,6.484438962,24.39506727,1.44E-05,0.004557106,4.279968581
200790_at,ODC1,4953,2.002487065,12.56234079,24.29934374,1.47E-05,0.004573517,4.26539556
201292_at,TOP2A,7153,6.154114284,7.523701008,24.29727985,1.47E-05,0.004573517,4.265080397
211812_s_at,B3GALNT1,8706,3.87608652,6.599067672,24.27010926,1.47E-05,0.004573517,4.260927588
228281_at,DDIAS,220042,4.109823663,7.340232932,24.19317226,1.49E-05,0.004606499,4.249130257
1557779_at,LINC01468,101928687,5.021466146,6.559322391,24.15517001,1.50E-05,0.004609858,4.243282214
204649_at,TROAP,10024,3.009625364,6.806407165,24.03444567,1.53E-05,0.004625712,4.224612187
215942_s_at,GTSE1,51512,3.285910317,5.951521786,23.95731226,1.55E-05,0.004625712,4.212609634
237552_at,LOC100505817,100505817,4.084412706,6.784984823,23.93780239,1.56E-05,0.004625712,4.209564566
230954_at,NOL4L,140688,2.180748905,5.90197804,23.83009136,1.59E-05,0.004660254,4.192686122
201714_at,TUBG1,7283,2.048369751,9.378271749,23.70163541,1.62E-05,0.004688075,4.172407335
227653_at,TRMT5,57570,2.275227122,8.502572199,23.69055222,1.62E-05,0.004688075,4.170650002
228323_at,CASC5,57082,5.18972436,6.893392705,23.6684615,1.63E-05,0.004688075,4.167143677
202886_s_at,PPP2R1B,5519,2.501802412,7.422388477,23.55003518,1.66E-05,0.004735838,4.14826326
229579_s_at,DISP2,85455,2.105747376,6.031783063,23.44612996,1.69E-05,0.004777824,4.131581434
212133_at,NIPA2,81614,2.197109195,7.986946464,23.40884474,1.70E-05,0.004777824,4.125568615
202870_s_at,CDC20,991,6.644126355,8.80626168,23.25138123,1.75E-05,0.004885036,4.100018155
1554539_a_at,RHOF,54509,5.050458651,7.543796823,23.06206288,1.81E-05,0.004948317,4.068959022
201287_s_at,SDC1,6382,2.344918937,9.577589607,22.83926505,1.88E-05,0.005120885,4.031924393
226777_at,ADAM12,8038,2.188780558,4.971279988,22.75970103,1.91E-05,0.005142508,4.018570544
223545_at,FANCD2,2177,2.633800531,5.785598677,22.73182509,1.92E-05,0.005142727,4.013875787
228733_at,PUSL1,126789,2.489207356,8.131187316,22.61459649,1.96E-05,0.005182404,3.99404044
214431_at,GMPS,8833,2.190620275,9.400126367,22.60691568,1.96E-05,0.005182404,3.992735608
219306_at,KIF15,56992,4.870467515,6.416976058,22.44820185,2.02E-05,0.005306544,3.965628122
232596_at,DIAPH3,81624,3.311523461,5.70697771,22.36780327,2.05E-05,0.005358334,3.951790263
227211_at,PHF19,26147,4.122467937,7.781560931,22.2279259,2.10E-05,0.005391279,3.927543081
231901_at,C19orf52,90580,2.157903521,7.661035896,22.22583452,2.10E-05,0.005391279,3.92717888
219493_at,SHCBP1,79801,5.664660281,6.627309957,22.22530597,2.10E-05,0.005391279,3.927086827
204822_at,TTK,7272,5.479565937,6.804353886,22.20371436,2.11E-05,0.005391279,3.923323762
204317_at,NA,NA,3.516994205,5.521788186,22.08800622,2.16E-05,0.005450471,3.903067627
204976_s_at,AMMECR1,9949,2.705566589,8.460845087,22.0677105,2.16E-05,0.005450471,3.899498886
216228_s_at,WDHD1,11169,4.912270102,7.357269343,21.84585444,2.25E-05,0.005574953,3.860179112
217997_at,PHLDA1,22822,3.251137579,8.974359362,21.81737373,2.27E-05,0.005579184,3.855090079
203489_at,SIVA1,10572,2.230829972,9.254427375,21.70462343,2.31E-05,0.005596425,3.834850086
209626_s_at,OSBPL3,26031,3.778325859,6.489306873,21.59649602,2.36E-05,0.005681387,3.815298874
230244_at,C2orf82,389084,3.297609418,5.57464872,21.45549065,2.42E-05,0.005710639,3.789593045
239413_at,CEP152,22995,2.161989776,6.870168868,21.45109468,2.43E-05,0.005710639,3.788787796
206884_s_at,SCEL,8796,3.546332076,5.27551187,21.43230435,2.43E-05,0.005710639,3.785343177
209408_at,KIF2C,11004,5.176682001,7.980585303,21.41891607,2.44E-05,0.005710639,3.782886248
221923_s_at,NPM1,4869,2.101845792,11.47481762,21.40264146,2.45E-05,0.005710639,3.779896712
219402_s_at,DERL1,79139,2.353560307,10.2900826,21.37591665,2.46E-05,0.005710639,3.774980571
203432_at,TMPO,7112,2.34069677,8.428941821,21.34391516,2.48E-05,0.005710639,3.769082326
205046_at,CENPE,1062,4.827379916,6.960270281,21.31124666,2.49E-05,0.005721952,3.763048257
212013_at,PXDN,7837,2.831390562,9.334043166,21.22798295,2.53E-05,0.005752179,3.747609798
222037_at,MCM4,4173,4.815062041,7.00548229,21.11515384,2.59E-05,0.005752179,3.726552925
239492_at,SEC14L4,284904,2.270993777,5.250989143,21.09195294,2.60E-05,0.005752179,3.722203427
201433_s_at,PTDSS1,9791,2.513517777,11.03924954,21.06666782,2.61E-05,0.005752179,3.717455549
212023_s_at,MKI67,4288,3.633368625,5.836460238,21.05384838,2.62E-05,0.005752179,3.715045342
203856_at,VRK1,7443,3.207302499,8.646300623,21.04679836,2.62E-05,0.005752179,3.713718979
1554768_a_at,MAD2L1,4085,6.189469106,7.047129127,20.9532836,2.67E-05,0.005784278,3.696066388
1554271_a_at,CENPL,91687,5.339840334,7.048166492,20.94511165,2.67E-05,0.005784278,3.694518548
223151_at,DCUN1D5,84259,2.531917338,10.51034194,20.94139933,2.67E-05,0.005784278,3.693815123
219321_at,MPP5,64398,2.592048692,8.23542277,20.93507843,2.68E-05,0.005784278,3.692617012
213506_at,F2RL1,2150,2.753792085,9.772135078,20.75015699,2.77E-05,0.00589602,3.65734057
205443_at,SNAPC1,6617,3.709825949,9.665016424,20.74153829,2.78E-05,0.00589602,3.655685749
223381_at,NUF2,83540,5.555010772,6.89944038,20.69335046,2.81E-05,0.005919114,3.646415857
222946_s_at,AUNIP,79000,2.190696969,6.101601775,20.65617694,2.83E-05,0.005919114,3.639244264
204752_x_at,PARP2,10038,2.290608218,8.990037945,20.62919003,2.84E-05,0.005927739,3.634026654
202580_x_at,FOXM1,2305,5.339036403,7.548130534,20.59183291,2.86E-05,0.005932756,3.626788433
219710_at,SH3TC2,79628,2.417977332,5.403722694,20.58607075,2.86E-05,0.005932756,3.62567035
226815_at,TAMM41,132001,2.789837336,6.797084324,20.48746878,2.92E-05,0.005953639,3.60647031
213230_at,CDR2L,30850,2.723785224,7.461447053,20.45838575,2.94E-05,0.005953639,3.60078275
201650_at,KRT19,3880,2.500545243,11.01681268,20.39207601,2.98E-05,0.005962079,3.587773159
218695_at,EXOSC4,54512,2.262851725,9.586603368,20.36431973,2.99E-05,0.005962079,3.582310188
227599_at,MB21D2,151963,2.891654901,8.166327465,20.3572846,3.00E-05,0.005962079,3.580923907
217529_at,ORAI2,80228,2.780815788,5.649205349,20.34143385,3.01E-05,0.005962079,3.577798077
220011_at,AUNIP,79000,2.797743643,6.42169076,20.26369947,3.05E-05,0.005962079,3.562419834
227785_at,SDCCAG8,10806,3.876646365,8.837507358,20.2542834,3.06E-05,0.005962079,3.560551533
204602_at,DKK1,22943,6.81663462,10.80155466,20.23233566,3.07E-05,0.005962079,3.556192108
222396_at,HN1,51155,2.562540056,9.266601784,20.12350512,3.14E-05,0.005962079,3.53447901
229485_x_at,SHISA3,152573,2.0782628,7.368295291,20.10849698,3.15E-05,0.005962079,3.531472053
218400_at,OAS3,4940,2.66497482,7.680325792,20.06522471,3.18E-05,0.005962079,3.52278499
205733_at,BLM,641,2.867119456,6.321396249,20.05809129,3.18E-05,0.005962079,3.521350468
222697_s_at,ABHD10,55347,2.155237956,8.281425586,19.92259581,3.27E-05,0.006000521,3.493969319
224553_s_at,TNFRSF18,8784,3.799930817,6.66467093,19.89401916,3.29E-05,0.006000521,3.488162023
204492_at,ARHGAP11A,9824,3.692291567,5.276940821,19.88914403,3.29E-05,0.006000521,3.487170171
203820_s_at,IGF2BP3,10643,5.734541872,6.386302322,19.87374424,3.30E-05,0.006000521,3.484034887
218982_s_at,MRPS17,51373,2.609990982,9.637005764,19.74162544,3.39E-05,0.00609796,3.456999872
215773_x_at,PARP2,10038,2.34499761,9.029424997,19.71230485,3.41E-05,0.00609796,3.45096674
214095_at,SHMT2,6472,2.621153939,7.380324743,19.69294329,3.43E-05,0.006102249,3.44697614
201066_at,CYC1,1537,2.341523041,11.13675415,19.67496944,3.44E-05,0.006104892,3.443266792
223819_x_at,NA,NA,2.329007536,8.906996516,19.56520645,3.52E-05,0.006151993,3.420514429
218726_at,HJURP,55355,4.966744545,7.127320183,19.54387025,3.53E-05,0.006151993,3.41607167
210959_s_at,SRD5A1,6715,2.290442692,5.379161702,19.49707653,3.57E-05,0.006153598,3.406304993
201710_at,MYBL2,4605,3.70223624,8.061429337,19.47731881,3.58E-05,0.006158796,3.402171699
204015_s_at,DUSP4,1846,4.823358841,8.314814565,19.44488895,3.61E-05,0.006166508,3.39537513
227828_s_at,EVA1A,84141,4.558046547,7.137556115,19.25445815,3.75E-05,0.006315669,3.355154814
208821_at,SNRPB,6628,2.117216424,10.70688779,19.25208577,3.75E-05,0.006315669,3.354650381
205774_at,F12,2161,3.501943889,7.868293275,19.13128245,3.85E-05,0.006458215,3.328853644
228303_at,GALNT6,11226,4.227265247,7.263632177,19.1093193,3.87E-05,0.006468365,3.324140123
205014_at,FGFBP1,9982,4.676451961,7.464666803,18.99472919,3.96E-05,0.006586911,3.299429951
212020_s_at,MKI67,4288,3.160168443,6.602922803,18.83494214,4.10E-05,0.006674039,3.264639859
205673_s_at,ASB9,140462,4.095422813,6.935117568,18.78701849,4.14E-05,0.006702209,3.254128982
242283_at,DNAH14,127602,3.686129654,6.53876919,18.73480738,4.19E-05,0.006757846,3.2426372
203046_s_at,TIMELESS,8914,2.966702693,7.64489725,18.71337684,4.21E-05,0.00676417,3.237907997
242138_at,DLX1,1745,4.919919497,6.585237316,18.67325013,4.25E-05,0.006768256,3.229033693
202954_at,UBE2C,11065,6.063265528,9.313040063,18.64933466,4.27E-05,0.00678354,3.22373261
210248_at,WNT7A,7476,2.461237664,6.23799317,18.55866763,4.35E-05,0.006898085,3.203553564
232682_at,MREG,55686,2.901996454,6.060865457,18.47855719,4.43E-05,0.006928443,3.185615501
241937_s_at,WDR4,10785,2.526860339,8.732335588,18.46509987,4.44E-05,0.006928443,3.182592134
219320_at,MYO19,80179,2.261338237,6.930544117,18.44321755,4.46E-05,0.006928443,3.177669783
219122_s_at,THG1L,54974,2.025353277,7.981429425,18.4377516,4.47E-05,0.006928443,3.176439037
201664_at,SMC4,10051,3.579161682,9.653354028,18.43333616,4.47E-05,0.006928443,3.175444482
204531_s_at,BRCA1,672,2.524509411,6.997606617,18.34190992,4.56E-05,0.007040329,3.154780547
221436_s_at,CDCA3,83461,3.275785201,7.563995425,18.3331392,4.57E-05,0.007040329,3.152791105
1558683_a_at,HMGA2,8091,4.19529411,6.238548058,18.31206995,4.59E-05,0.007040329,3.148006909
223274_at,TCF19,6941,3.48915222,7.438277344,18.29212345,4.61E-05,0.007040329,3.143471002
218883_s_at,CENPU,79682,4.891894045,8.96879731,18.16242166,4.75E-05,0.007040329,3.113817573
1555731_a_at,AP1S3,130340,4.784879585,5.973453685,18.15433752,4.76E-05,0.007040329,3.111960155
202910_s_at,ADGRE5,976,2.423030981,9.213507881,18.14704133,4.76E-05,0.007040329,3.110282848
219531_at,CEP72,55722,2.242766617,6.551446946,18.14498655,4.77E-05,0.007040329,3.10981032
227925_at,ST3GAL4-AS1,399972,2.306569563,5.590545992,18.13869444,4.77E-05,0.007040329,3.108362919
226896_at,CHCHD1,118487,2.360533223,11.07697993,18.13813986,4.77E-05,0.007040329,3.108235316
206632_s_at,APOBEC3B,9582,5.939126494,7.267804348,18.10667333,4.81E-05,0.007040329,3.100986798
219004_s_at,MIS18A,54069,3.784193258,8.556910504,18.06301105,4.85E-05,0.007040329,3.090901661
207463_x_at,PRSS3,5646,5.281377933,8.654981676,18.01933245,4.90E-05,0.007040329,3.080780934
204170_s_at,CKS2,1164,4.032749565,9.946959817,17.98066655,4.94E-05,0.007040329,3.071795019
219703_at,MNS1,55329,2.433792264,6.461396454,17.90051045,5.03E-05,0.007131054,3.05308659
211725_s_at,BID,637,2.029650334,8.312547866,17.81337163,5.13E-05,0.00720957,3.032624716
221258_s_at,KIF18A,81930,3.536512862,5.413936191,17.77556557,5.18E-05,0.00720957,3.023706767
222608_s_at,ANLN,54443,7.460837267,7.880034354,17.72534103,5.24E-05,0.007231833,3.011821459
219105_x_at,ORC6,23594,3.024434722,7.687927188,17.70728553,5.26E-05,0.007240994,3.007538105
201474_s_at,ITGA3,3675,2.829442668,8.252854379,17.65536362,5.32E-05,0.007256345,2.995189064
226891_at,XXYLT1,152002,2.037264727,6.999127553,17.62519247,5.36E-05,0.007288322,2.987991665
2028_s_at,E2F1,1869,2.317028357,7.093131612,17.58559765,5.41E-05,0.007300151,2.978522111
218308_at,TACC3,10460,3.564823682,7.409224358,17.55713774,5.44E-05,0.007317659,2.971698631
222680_s_at,DTL,51514,5.296822711,6.685728759,17.53248297,5.47E-05,0.007322079,2.965775953
217678_at,SLC7A11,23657,3.751176249,6.366160109,17.46044298,5.57E-05,0.007394243,2.948408704
224200_s_at,RAD18,56852,3.574516663,6.478311401,17.43430828,5.60E-05,0.007412176,2.942085462
223222_at,SLC25A19,60386,2.168696305,8.285483456,17.40916028,5.63E-05,0.007419447,2.935989466
224753_at,CDCA5,113130,5.090990328,7.339708104,17.34130756,5.72E-05,0.007488743,2.919485227
237563_s_at,NA,NA,2.23407686,8.440520931,17.32978063,5.74E-05,0.007488743,2.916673249
208510_s_at,PPARG,5468,5.394827382,8.6940225,17.32278682,5.75E-05,0.007488743,2.914965956
229759_s_at,VEPH1,79674,3.507072586,6.773579115,17.2795043,5.80E-05,0.007528896,2.904380405
201797_s_at,VARS,7407,2.291985996,8.461917529,17.2740211,5.81E-05,0.007528896,2.903036967
230165_at,SGOL2,151246,5.118152579,7.518373809,17.21780385,5.89E-05,0.007604735,2.889231743
211796_s_at,NA,NA,3.958548667,8.205283359,17.20160432,5.91E-05,0.007604735,2.885242965
222843_at,FIGNL1,63979,2.287801564,8.537301011,17.20076184,5.91E-05,0.007604735,2.885035392
58696_at,EXOSC4,54512,2.218085911,9.398494149,17.13594418,6.00E-05,0.007659661,2.869026469
205455_at,MST1R,4486,2.942562053,6.961343901,17.12928875,6.01E-05,0.007659661,2.867378322
223427_s_at,EPB41L4B,54566,2.88283439,5.717570877,17.12369611,6.02E-05,0.007659661,2.865992734
232065_x_at,CENPL,91687,4.353148985,7.463764007,17.11963627,6.02E-05,0.007659661,2.864986541
1568596_a_at,TROAP,10024,2.748368758,7.899380861,17.08752639,6.07E-05,0.007659661,2.857017697
1555734_x_at,AP1S3,130340,2.439073893,5.283079919,17.0770892,6.09E-05,0.007659661,2.854423357
225684_at,SKA2,348235,2.879153655,10.35280682,17.04879474,6.13E-05,0.007682397,2.847380153
205282_at,LRP8,7804,3.101830957,6.509037488,17.03556031,6.15E-05,0.007688807,2.844080673
223649_s_at,SLC25A39,51629,3.072368276,9.695656582,16.98940692,6.21E-05,0.007706945,2.832548671
213927_at,MAP3K9,4293,3.198780725,6.968911171,16.98117392,6.23E-05,0.007706945,2.830487377
204066_s_at,AGAP1,116987,2.594407334,7.433049776,16.9800598,6.23E-05,0.007706945,2.830208338
1552389_at,ERICH5,203111,2.850095584,5.657098259,16.95294766,6.27E-05,0.007706945,2.82341076
224204_x_at,ARNTL2,56938,5.506263117,7.698344042,16.94899962,6.27E-05,0.007706945,2.822419757
201291_s_at,TOP2A,7153,6.502443075,7.291389416,16.91385959,6.33E-05,0.007754145,2.813586306
219045_at,RHOF,54509,5.155927806,8.151971852,16.8587828,6.41E-05,0.007812666,2.799694385
204119_s_at,ADK,132,4.075223902,10.53215812,16.84059432,6.44E-05,0.007814096,2.795094138
204444_at,KIF11,3832,4.504970435,6.547265339,16.79608598,6.51E-05,0.007834678,2.783810551
220641_at,NOX5,79400,3.516937849,7.866820538,16.75857777,6.56E-05,0.007870779,2.774272296
1560208_at,NA,NA,3.046181696,5.902561763,16.70344732,6.65E-05,0.007939049,2.760203831
213155_at,NA,NA,3.347248461,6.331749797,16.69410931,6.67E-05,0.007939049,2.757815124
210115_at,RPL39L,116832,3.387813072,7.397129113,16.67897291,6.69E-05,0.007939049,2.75393959
209891_at,SPC25,57405,5.123851576,6.029393015,16.67361219,6.70E-05,0.007939049,2.752565967
205479_s_at,PLAU,5328,5.453068036,10.09964975,16.66369542,6.72E-05,0.007939049,2.750023445
229886_at,C5orf34,375444,2.995821569,7.002870902,16.6519899,6.74E-05,0.007939049,2.747019864
1552575_a_at,C6orf141,135398,2.899169141,6.131363219,16.65047852,6.74E-05,0.007939049,2.746631859
213599_at,OIP5,11339,6.147604587,7.59785074,16.56610522,6.88E-05,0.008050861,2.724900893
223247_at,MED10,84246,2.111656464,9.071180305,16.53357604,6.93E-05,0.008074695,2.716485665
203114_at,SSSCA1,10534,2.05400882,8.665501366,16.5199688,6.95E-05,0.008074695,2.712959347
225253_s_at,NA,NA,2.692935896,9.531369512,16.51492747,6.96E-05,0.008074695,2.711651962
224232_s_at,PRELID1,27166,2.434828262,9.36193542,16.51014723,6.97E-05,0.008074695,2.710411826
204033_at,TRIP13,9319,5.720132805,8.312140081,16.45764304,7.06E-05,0.008136899,2.69676104
224652_at,CCNY,219771,2.557582105,9.83078583,16.45393848,7.07E-05,0.008136899,2.695795821
221685_s_at,SPDL1,54908,4.072268225,7.792941263,16.45272038,7.07E-05,0.008136899,2.695478387
223198_x_at,NA,NA,2.127448003,9.066713193,16.40941332,7.14E-05,0.008171969,2.684173544
213092_x_at,DNAJC9,23234,4.165555215,9.62899274,16.38628104,7.19E-05,0.008184204,2.678119838
1565951_s_at,CHML,1122,3.473942797,6.893387645,16.36045465,7.23E-05,0.008219143,2.671348477
226215_s_at,KDM2B,84678,2.266239303,8.643737277,16.3175292,7.31E-05,0.008251312,2.660064423
223741_s_at,TTYH2,94015,2.147924002,7.34687872,16.29356385,7.35E-05,0.008251312,2.653748426
206421_s_at,SERPINB7,8710,6.316715265,7.990893369,16.25070716,7.43E-05,0.008272564,2.642424797
212094_at,PEG10,23089,5.657621376,8.766127785,16.22970297,7.47E-05,0.008291075,2.636861489
219510_at,POLQ,10721,2.505644537,6.714263665,16.22525459,7.48E-05,0.008291075,2.635682113
219956_at,GALNT6,11226,4.542071175,7.491514477,16.19256727,7.54E-05,0.008307992,2.627003564
205085_at,ORC1,4998,3.187971035,5.896882707,16.14456741,7.63E-05,0.008321215,2.614220022
205708_s_at,TRPM2,7226,2.469913044,7.251421888,16.11651663,7.68E-05,0.008348842,2.606727575
209151_x_at,TCF3,6929,2.054660124,4.853784263,16.08254837,7.75E-05,0.008370007,2.5976329
203790_s_at,RIDA,10247,2.418036677,9.260042133,16.06494948,7.78E-05,0.008373814,2.592911612
204315_s_at,GTSE1,51512,3.519763831,5.762736621,16.02904536,7.85E-05,0.008432836,2.583259676
204886_at,PLK4,10733,2.956755663,5.087226289,15.98319321,7.94E-05,0.008477413,2.570894541
219918_s_at,ASPM,259266,5.550304194,6.60714093,15.97686747,7.95E-05,0.008477413,2.569185216
225388_at,TSPAN5,10098,2.959798126,7.569082986,15.96841565,7.97E-05,0.008478926,2.566900084
220169_at,TMEM156,80008,3.97473869,6.36799237,15.94526466,8.02E-05,0.008495436,2.560633062
203022_at,RNASEH2A,10535,4.653837473,8.487670076,15.89364969,8.12E-05,0.00852544,2.546620306
219634_at,CHST11,50515,3.589167733,6.477796071,15.87599709,8.16E-05,0.008525784,2.541814999
205135_s_at,NUFIP1,26747,2.119924788,7.32024746,15.85123319,8.21E-05,0.008525784,2.535062795
222155_s_at,SLC52A2,79581,3.37128536,8.198343672,15.84815536,8.22E-05,0.008525784,2.534222676
227342_s_at,MYEOV,26579,2.80412433,8.031462631,15.81538554,8.29E-05,0.008555995,2.525265441
233562_at,LINC00839,84856,2.589874291,6.424059144,15.75847813,8.41E-05,0.008555995,2.509656177
204849_at,TCFL5,10732,2.15937649,8.002752238,15.75483942,8.41E-05,0.008555995,2.508655754
234749_s_at,POC1A,25886,3.00131168,6.456622431,15.74875613,8.43E-05,0.008555995,2.506982588
227928_at,PARPBP,55010,4.693895931,5.906926101,15.73719511,8.45E-05,0.008555995,2.503800622
205024_s_at,RAD51,5888,3.764555978,7.117401179,15.7305855,8.47E-05,0.008555995,2.501980158
221520_s_at,CDCA8,55143,4.21227749,8.113808237,15.70858669,8.51E-05,0.008555995,2.49591433
206613_s_at,TAF1A,9015,2.560464259,7.281390217,15.70508348,8.52E-05,0.008555995,2.494947414
225655_at,UHRF1,29128,6.285079958,8.691480009,15.6999038,8.53E-05,0.008555995,2.493517293
221142_s_at,PECR,55825,2.046536707,6.547307728,15.6847739,8.57E-05,0.008555995,2.489336585
1558330_x_at,TONSL,4796,2.397212119,6.776812721,15.67142596,8.60E-05,0.008555995,2.485644163
206247_at,MICB,4277,4.895291588,7.351838629,15.65436168,8.63E-05,0.008555995,2.48091809
235795_at,PAX6,5080,3.238062384,4.71575278,15.6401151,8.66E-05,0.008555995,2.476967566
203360_s_at,NA,NA,2.791059111,8.862844808,15.5808862,8.80E-05,0.008604868,2.460496321
213088_s_at,DNAJC9,23234,3.448307309,10.69553715,15.54095282,8.89E-05,0.008662987,2.449347836
1553023_a_at,NOX5,79400,5.333294202,6.994063929,15.48527209,9.02E-05,0.008741966,2.433744591
204855_at,SERPINB5,5268,3.163667262,8.943423673,15.42403998,9.16E-05,0.008808591,2.416506614
241844_x_at,TMEM156,80008,3.986044282,5.610148784,15.42334235,9.16E-05,0.008808591,2.416309737
202862_at,FAH,2184,2.025560193,7.841896027,15.39726675,9.23E-05,0.008808591,2.408943276
202534_x_at,DHFR,1719,2.393421181,8.327002628,15.38374223,9.26E-05,0.008808591,2.40511657
219544_at,BORA,79866,2.559698503,6.832793229,15.35426359,9.33E-05,0.00885678,2.396761537
234944_s_at,MTFR2,113115,3.302357274,6.14729475,15.31225841,9.43E-05,0.00890829,2.384822453
221620_s_at,APOO,79135,2.045331148,9.159498739,15.28344744,9.51E-05,0.008944972,2.376610563
224847_at,CDK6,1021,2.212638099,8.334625017,15.26426987,9.55E-05,0.008973073,2.371134041
212141_at,MCM4,4173,4.063814686,8.26182859,15.24988337,9.59E-05,0.008973073,2.367020228
209433_s_at,PPAT,5471,2.169477468,8.066128864,15.24887737,9.59E-05,0.008973073,2.366732389
222036_s_at,MCM4,4173,3.983755914,7.708348112,15.23222854,9.63E-05,0.008973073,2.361965416
222930_s_at,AGMAT,79814,2.197028456,5.968700071,15.18928191,9.74E-05,0.008990614,2.349639584
218856_at,TNFRSF21,27242,2.657710076,10.08837535,15.16996261,9.79E-05,0.009014794,2.344081132
223241_at,NA,NA,2.645051254,6.332596456,15.12143373,9.92E-05,0.009116071,2.330080867
212022_s_at,MKI67,4288,5.058110656,7.462978176,15.01865089,0.000101957,0.009273648,2.300249012
222812_s_at,RHOF,54509,4.344767161,6.558457734,14.96970741,0.0001033,0.009350916,2.285957097
234733_s_at,FANCM,57697,3.087550379,6.517189524,14.89969761,0.000105261,0.009419194,2.265415798
218585_s_at,DTL,51514,6.085499762,7.699151566,14.89336326,0.00010544,0.009419851,2.263551549
204432_at,SOX12,6666,2.04716216,6.030692138,14.86034893,0.000106383,0.009473084,2.253819777
231365_at,NA,NA,3.009835832,5.687198024,14.82347474,0.000107448,0.009482625,2.242919559
230033_at,DNAAF3,352909,3.561193119,6.973546305,14.82286995,0.000107465,0.009482625,2.242740508
1562527_at,LOC441666,441666,2.719576313,4.988681002,14.81389902,0.000107726,0.009482625,2.240083613
230708_at,PRICKLE1,144165,2.45054865,6.304205751,14.77878569,0.000108756,0.009482625,2.229665661
1555500_s_at,SLC2A4RG,56731,2.785915629,7.131288036,14.77815103,0.000108775,0.009482625,2.229477088
218847_at,IGF2BP2,10644,3.983005243,9.00169278,14.77654556,0.000108822,0.009482625,2.229000023
223541_at,HAS3,3038,5.259453445,8.580027851,14.76205625,0.000109251,0.009482625,2.224691708
218867_s_at,C12orf49,79794,2.078293497,6.801637633,14.75961656,0.000109323,0.009482625,2.223965784
210821_x_at,CENPA,1058,3.501517359,7.745179209,14.75251741,0.000109534,0.009482625,2.221852629
209679_s_at,SMAGP,57228,2.358555606,8.081994445,14.75083725,0.000109585,0.009482625,2.22135233
218866_s_at,POLR3K,51728,3.159163412,8.807122108,14.74410862,0.000109785,0.009482625,2.219348075
235363_at,NA,NA,3.578407464,5.952541559,14.72860958,0.000110249,0.009492941,2.214727219
221902_at,GPR153,387509,2.794665503,8.003554396,14.7107197,0.000110787,0.009492941,2.209386343
1570523_s_at,ATG10,83734,2.733475363,6.384162109,14.68518081,0.000111562,0.009492941,2.201748478
206533_at,CHRNA5,1138,2.397686455,5.926349653,14.62413033,0.00011344,0.00953382,2.183425916
1555772_a_at,CDC25A,993,3.692080486,5.052889158,14.61809904,0.000113628,0.00953382,2.181610852
219888_at,SPAG4,6676,2.856747379,6.081658096,14.61606509,0.000113691,0.00953382,2.180998555
203287_at,LAD1,3898,2.854813884,8.026763014,14.59158817,0.000114457,0.009573006,2.173622073
228359_at,UBASH3B,84959,3.505433618,5.897528354,14.56321146,0.000115353,0.009614246,2.165051898
218039_at,NUSAP1,51203,6.654793663,7.554488499,14.53137367,0.000116369,0.009617881,2.155412783
231772_x_at,CENPH,64946,3.239077144,6.611285205,14.52191428,0.000116673,0.009617881,2.152544053
211603_s_at,ETV4,2118,2.423146084,7.602311923,14.50894421,0.000117092,0.009623291,2.148607038
211091_s_at,NF2,4771,3.137661905,6.037965217,14.49863512,0.000117426,0.009625565,2.145474777
222803_at,PRTFDC1,56952,2.092594217,7.573929738,14.48040715,0.000118019,0.009656103,2.139930016
210567_s_at,SKP2,6502,2.778757607,5.754077632,14.46441118,0.000118543,0.009673622,2.135057382
228158_at,NA,NA,3.01299841,9.920487859,14.44512357,0.000119178,0.00967516,2.129173568
204254_s_at,VDR,7421,3.029197187,7.38254284,14.4423614,0.000119269,0.00967516,2.128330188
202356_s_at,GTF2F1,2962,2.540691836,8.163230955,14.43540159,0.0001195,0.009679499,2.126204287
228302_x_at,CAMK2N1,55450,4.367952558,6.28990329,14.38336554,0.000121241,0.009773448,2.110271124
207345_at,FST,10468,5.758599154,7.802598789,14.37747198,0.00012144,0.009773448,2.108462251
1553690_at,SGOL1,151648,2.197609098,6.01037354,14.34988049,0.000122378,0.009796531,2.099982098
1558329_at,TONSL,4796,2.834290023,7.031999857,14.32170284,0.000123345,0.009809399,2.091301894
201014_s_at,PAICS,10606,3.285614369,10.23692223,14.3132958,0.000123636,0.009811011,2.088708177
219763_at,DENND1A,57706,3.786194578,6.792198602,14.29889352,0.000124135,0.009822134,2.084260646
207517_at,LAMC2,3918,2.446692752,5.594756098,14.2406853,0.00012618,0.009900943,2.066231553
213669_at,FCHO1,23149,2.757522716,6.532470783,14.24039709,0.00012619,0.009900943,2.066142068
1555733_s_at,AP1S3,130340,3.341579048,5.562655921,14.22228026,0.000126835,0.009915497,2.060512808
205490_x_at,GJB3,2707,4.2738656,8.01909988,14.219124,0.000126947,0.009915497,2.059531234
226943_at,C12orf73,728568,2.296236094,7.960679769,14.20449039,0.000127472,0.009916046,2.054976922
209334_s_at,PSMD9,5715,2.481054179,5.580225605,14.20374785,0.000127498,0.009916046,2.054745682
