	symbols	entrezID	logFC	AveExpr	t	P.Value	adj.P.Val	B
207430_s_at	MSMB	4477	-10.62894708	7.478332882	-66.58275195	2.44E-07	0.002310037	6.841846678
210297_s_at	MSMB	4477	-9.940182671	7.365370161	-53.5800249	5.91E-07	0.002310037	6.491453749
226147_s_at	PIGR	5284	-5.260008999	5.969005278	-49.0912813	8.44E-07	0.002371708	6.319950799
232628_at	NA	NA	-3.773017808	4.873907805	-46.84423449	1.02E-06	0.002371708	6.220492177
225945_at	ZNF655	79027	-5.547305674	5.391057735	-46.2343447	1.08E-06	0.002371708	6.191706238
225363_at	PTEN	5728	-5.398652544	6.674193574	-45.0977975	1.19E-06	0.002371708	6.135862533
204393_s_at	ACPP	55	-9.252706997	8.067424161	-42.14073074	1.57E-06	0.002648926	5.975854992
218312_s_at	ZSCAN18	65982	-4.737827399	6.274878797	-40.58885917	1.83E-06	0.002648926	5.882374838
209312_x_at	NA	NA	-5.508735477	7.33001116	-39.14990691	2.12E-06	0.002735844	5.789111538
224435_at	FAM213A	84293	-6.221156563	6.172613202	-38.61209826	2.24E-06	0.002742255	5.752506313
209309_at	AZGP1	563	-8.912321051	7.135942531	-38.13544579	2.36E-06	0.002742255	5.719227213
211990_at	HLA-DPA1	3113	-6.61262425	6.760868202	-35.71811108	3.07E-06	0.003017055	5.537435177
202688_at	TNFSF10	8743	-7.042213934	6.264896511	-34.84860904	3.40E-06	0.003185499	5.466280994
209596_at	MXRA5	25878	-4.027531921	5.459156603	-32.16246839	4.70E-06	0.003518988	5.224506179
223169_s_at	RHOU	58480	-2.904393273	5.168374478	-32.04434175	4.77E-06	0.003518988	5.213047237
213293_s_at	TRIM22	10346	-5.871804952	5.291183279	-30.13901602	6.12E-06	0.003802386	5.017510422
201137_s_at	HLA-DPB1	3115	-5.234697937	6.727399393	-29.78503662	6.42E-06	0.003802386	4.978834058
205357_s_at	AGTR1	185	-3.651356128	4.881682052	-29.69412318	6.50E-06	0.003802386	4.968775212
216834_at	RGS1	5996	-7.051010392	5.757916257	-29.65602753	6.54E-06	0.003802386	4.964544807
222371_at	NA	NA	-4.316144757	4.918468056	-29.56430192	6.62E-06	0.003802386	4.954321385
210844_x_at	CTNNA1	1495	-6.756619195	7.350375801	-29.45316931	6.72E-06	0.003802386	4.941863379
201427_s_at	SEPP1	6414	-7.523677246	7.273369724	-29.27789246	6.88E-06	0.003802386	4.922054005
230421_at	ZNF879	345462	-2.188475337	4.622402523	-28.8490932	7.31E-06	0.003865808	4.872748074
209189_at	FOS	2353	-6.33889455	7.135205639	-27.84554786	8.44E-06	0.003973899	4.752482451
219263_at	RNF128	79589	-2.893736822	3.965374231	-27.53387776	8.83E-06	0.003973899	4.71368148
213217_at	ADCY2	108	-4.54991513	6.503755415	-27.50640571	8.87E-06	0.003973899	4.710227311
214598_at	CLDN8	9073	-4.282254896	5.121987984	-26.87225849	9.75E-06	0.004179899	4.628921097
223044_at	SLC40A1	30061	-5.89132142	7.092933191	-26.71694528	9.98E-06	0.004179899	4.608538753
1552455_at	PRUNE2	158471	-4.303847515	5.39330189	-26.58728251	1.02E-05	0.004179899	4.591377917
219669_at	CD177	57126	-4.040276135	6.534306742	-26.10822768	1.10E-05	0.004303178	4.526810611
209343_at	EFHD1	80303	-2.982062299	5.039946548	-25.94891038	1.12E-05	0.004306746	4.504923468
206700_s_at	KDM5D	8284	-5.095675118	5.036713767	-25.89311579	1.13E-05	0.004306746	4.49720859
214247_s_at	DKK3	27122	-6.842014805	6.948874112	-25.84038983	1.14E-05	0.004306746	4.489894126
225728_at	SORBS2	8470	-5.516909458	6.185117391	-25.41475125	1.22E-05	0.00446245	4.429984774
213228_at	PDE8B	8622	-4.498377023	5.362087449	-25.21298192	1.26E-05	0.004468367	4.401039679
202561_at	TNKS	8658	-2.055198172	7.192929183	-25.19948612	1.26E-05	0.004468367	4.399090884
201924_at	AFF1	4299	-2.299306613	9.21405371	-25.18817623	1.27E-05	0.004468367	4.397456497
215078_at	NA	NA	-4.079696432	5.223649558	-24.94578278	1.32E-05	0.004508633	4.36215518
228155_at	FAM213A	84293	-6.598791603	6.358220475	-24.86586249	1.33E-05	0.004508633	4.350400435
221523_s_at	RRAGD	58528	-5.19641441	5.34373812	-24.80240973	1.35E-05	0.004508633	4.341026555
218694_at	ARMCX1	51309	-6.720252069	6.149680191	-24.77863583	1.35E-05	0.004508633	4.337505006
236694_at	TXLNGY	246126	-4.297858673	4.771791486	-24.57231987	1.40E-05	0.004532865	4.306726485
238032_at	NA	NA	-2.317684977	7.50957478	-24.56879725	1.40E-05	0.004532865	4.306197566
204670_x_at	NA	NA	-3.960352648	7.29824386	-24.09589921	1.52E-05	0.004625712	4.234133543
212599_at	AUTS2	26053	-5.519518391	5.694358807	-23.88073942	1.57E-05	0.00464536	4.200636914
213413_at	STON1	11037	-5.048861579	6.578891096	-23.71038471	1.62E-05	0.004688075	4.173793746
200765_x_at	CTNNA1	1495	-7.209439053	6.806658209	-23.63959322	1.64E-05	0.004688075	4.162554243
232683_s_at	PARP6	56965	-3.187522581	6.205794377	-23.43516721	1.70E-05	0.004777824	4.129814992
228216_at	ZBTB37	84614	-2.283763507	4.364709048	-23.10408024	1.80E-05	0.004948317	4.075884603
205000_at	DDX3Y	8653	-7.044071201	5.855498967	-23.09579466	1.80E-05	0.004948317	4.074520385
213975_s_at	LYZ	4069	-5.636074525	5.779222916	-23.06556915	1.81E-05	0.004948317	4.069537657
215193_x_at	NA	NA	-5.700579033	6.523912928	-22.80991467	1.89E-05	0.005122105	4.027006207
201041_s_at	DUSP1	1843	-3.22356563	11.05734719	-22.65776478	1.94E-05	0.005182404	4.001361984
218322_s_at	ACSL5	51703	-3.500523535	5.729142415	-22.26413362	2.09E-05	0.005391279	3.93384062
243296_at	NAMPT	10135	-5.6962226	7.207880593	-21.97644083	2.20E-05	0.005517138	3.883391902
217014_s_at	NA	NA	-6.090992487	7.535996099	-21.93609728	2.22E-05	0.005532892	3.876241614
232397_at	LOC101927482	101927482	-4.359525637	4.623837804	-21.7723953	2.28E-05	0.005596425	3.84703384
225016_at	APCDD1	147495	-4.231256277	5.403218201	-21.7180648	2.31E-05	0.005596425	3.837270826
212915_at	PDZRN3	23024	-5.756105755	5.456928719	-21.71777905	2.31E-05	0.005596425	3.837219385
203868_s_at	VCAM1	7412	-2.438703105	4.399615809	-21.26650585	2.51E-05	0.005746605	3.754763162
205442_at	MFAP3L	9848	-2.155507342	5.044187905	-21.21135221	2.54E-05	0.005752179	3.744515964
202289_s_at	TACC2	10579	-2.535464685	8.744641997	-21.11416688	2.59E-05	0.005752179	3.726368034
204583_x_at	KLK3	354	-8.030220522	8.498339201	-21.06073823	2.61E-05	0.005752179	3.716340972
225123_at	SESN3	143686	-3.226515873	4.439687827	-20.73544525	2.78E-05	0.00589602	3.654515285
215306_at	NA	NA	-3.025353036	4.568695715	-20.54411537	2.89E-05	0.005936654	3.617516282
214683_s_at	CLK1	1195	-2.328366939	9.001287358	-20.31660023	3.02E-05	0.005962079	3.572894035
226352_at	JMY	133746	-2.293239879	7.732338012	-20.25317587	3.06E-05	0.005962079	3.560331703
223343_at	MS4A7	58475	-3.77518891	4.466019461	-20.19769165	3.09E-05	0.005962079	3.549297611
213158_at	ZBTB20	26137	-6.402064663	6.477475802	-20.10509889	3.15E-05	0.005962079	3.530790801
203708_at	PDE4B	5142	-4.655248561	6.605421674	-20.0778654	3.17E-05	0.005962079	3.525325304
227623_at	CACNA2D1	781	-6.022797346	5.576644516	-20.05399595	3.18E-05	0.005962079	3.520526584
209795_at	CD69	969	-2.385858474	3.787253338	-20.01710733	3.21E-05	0.005986054	3.513095091
228081_at	CCNG2	901	-2.518770112	5.843810888	-20.00022244	3.22E-05	0.005986054	3.509687252
201117_s_at	CPE	1363	-3.978270235	8.716302495	-19.78335698	3.36E-05	0.006089654	3.465565779
200904_at	HLA-E	3133	-2.378019617	8.694395707	-19.71362375	3.41E-05	0.00609796	3.451238384
218559_s_at	MAFB	9935	-5.340139207	5.780688622	-19.59291712	3.50E-05	0.006150178	3.426274749
239629_at	CFLAR	8837	-3.904224238	5.497034616	-19.54902146	3.53E-05	0.006151993	3.417144889
201820_at	KRT5	3852	-4.456841166	6.692478987	-19.44104646	3.61E-05	0.006166508	3.394568817
232382_s_at	PCMTD1	115294	-3.654173343	6.367201951	-19.42466811	3.62E-05	0.006168238	3.391129554
211458_s_at	NA	NA	-4.396959776	8.463511379	-19.40705259	3.63E-05	0.006171632	3.387426134
229874_x_at	NA	NA	-2.221679012	6.915583586	-19.32604593	3.70E-05	0.006257234	3.370337158
205501_at	PDE10A	10846	-4.055189864	4.567121132	-19.04941615	3.92E-05	0.006530827	3.311247386
223392_s_at	TSHZ3	57616	-3.147307816	5.690243565	-18.94127589	4.01E-05	0.006629062	3.287835175
1556306_at	NA	NA	-2.229806927	4.551990123	-18.93623172	4.01E-05	0.006629062	3.286738774
238493_at	ZNF506	440515	-2.725578289	4.097946429	-18.90762682	4.04E-05	0.006646871	3.28051384
244387_at	NA	NA	-3.092720009	4.888155824	-18.89539062	4.05E-05	0.006646871	3.277847198
208306_x_at	NA	NA	-3.959655128	6.377994807	-18.83926608	4.10E-05	0.006674039	3.265586462
239251_at	NA	NA	-2.047842452	5.711331227	-18.8204767	4.11E-05	0.006674039	3.261470963
230559_x_at	FGD4	121512	-2.172516573	3.920121679	-18.70315545	4.22E-05	0.00676417	3.235649857
229638_at	IRX3	79191	-4.8200339	5.245099411	-18.52436311	4.39E-05	0.006928443	3.195884724
202988_s_at	RGS1	5996	-3.308902633	4.534359522	-18.43500815	4.47E-05	0.006928443	3.175821126
227771_at	LIFR	3977	-2.092656049	7.42067761	-18.2948344	4.61E-05	0.007040329	3.144087863
231711_at	ACPP	55	-4.381340303	4.89662522	-18.27839021	4.63E-05	0.007040329	3.140344246
233663_s_at	CDH26	60437	-2.354303916	4.28872588	-18.20767518	4.70E-05	0.007040329	3.124195154
211991_s_at	HLA-DPA1	3113	-3.714327837	6.207063888	-18.19592683	4.71E-05	0.007040329	3.121504253
224861_at	GNAQ	2776	-4.837236998	5.898457325	-18.17201166	4.74E-05	0.007040329	3.116019581
213629_x_at	MT1F	4494	-2.766371699	9.48408878	-18.11594778	4.80E-05	0.007040329	3.103124935
220076_at	ANKH	56172	-2.410583564	5.077184812	-18.09403419	4.82E-05	0.007040329	3.098070667
201765_s_at	HEXA	3073	-3.331894531	6.661990097	-18.04546984	4.87E-05	0.007040329	3.086841037
202488_s_at	FXYD3	5349	-2.667555602	8.020604004	-17.93362852	5.00E-05	0.007096537	3.060829507
213832_at	KCND3	3752	-5.197350365	5.422448862	-17.86001958	5.08E-05	0.007177807	3.043594644
227554_at	MAGI2-AS3	100505881	-3.386812218	4.681587392	-17.76734588	5.19E-05	0.00720957	3.021764603
206580_s_at	EFEMP2	30008	-3.252272995	7.207886311	-17.76123027	5.20E-05	0.00720957	3.020318841
219505_at	CECR1	51816	-2.986046735	5.713652141	-17.69045019	5.28E-05	0.007240994	3.003539133
208451_s_at	NA	NA	-3.607068457	6.41833794	-17.61044331	5.38E-05	0.007294789	2.984467439
225575_at	LIFR	3977	-3.129367079	8.638392687	-17.55365231	5.45E-05	0.007317659	2.970861995
239999_at	MIR99AHG	388815	-3.153624956	4.322833373	-17.52966619	5.48E-05	0.007322079	2.965098612
238022_at	CRNDE	643911	-2.422564715	4.569477932	-17.45530796	5.57E-05	0.007394243	2.947167255
241681_at	NA	NA	-4.500400981	6.247101365	-17.41255686	5.63E-05	0.007419447	2.936813473
217487_x_at	NA	NA	-3.9035709	5.928880471	-17.07287295	6.09E-05	0.007659661	2.853374767
229285_at	RNASEL	6041	-2.440377884	5.135203159	-16.95728818	6.26E-05	0.007706945	2.824499945
227020_at	YPEL2	388403	-3.611639713	6.614358132	-16.83479476	6.45E-05	0.007814096	2.79362599
202037_s_at	SFRP1	6422	-4.605183112	6.447675843	-16.82058888	6.47E-05	0.007819532	2.790027095
201531_at	ZFP36	7538	-4.139513	8.604651168	-16.81338152	6.48E-05	0.007819532	2.788199727
203453_at	SCNN1A	6337	-4.16160744	6.385639021	-16.68704406	6.68E-05	0.007939049	2.756006684
201909_at	RPS4Y1	6192	-5.997163828	8.419038464	-16.6128553	6.80E-05	0.007994376	2.736958832
209292_at	ID4	3400	-4.559721058	5.130208454	-16.57361634	6.86E-05	0.008050861	2.726841062
235308_at	ZBTB20	26137	-6.070135061	7.455944638	-16.29156669	7.35E-05	0.008251312	2.653221557
208228_s_at	FGFR2	2263	-2.418731318	5.419105355	-16.26185493	7.41E-05	0.00826663	2.645373841
225050_at	ZNF512	84450	-3.749464535	5.370324874	-16.20585346	7.51E-05	0.008307992	2.630533697
223629_at	PCDHB5	26167	-2.004200959	4.320788829	-16.13780471	7.64E-05	0.008321215	2.612415161
205001_s_at	DDX3Y	8653	-3.228776826	4.793003318	-16.09752035	7.72E-05	0.008370007	2.601644431
225987_at	STEAP4	79689	-6.578250624	7.283829478	-16.09015835	7.73E-05	0.008370007	2.599672466
204582_s_at	KLK3	354	-8.502227375	8.504645185	-16.07394288	7.76E-05	0.008371484	2.595325087
204430_s_at	SLC2A5	6518	-4.984033896	5.453348732	-15.99007502	7.93E-05	0.008477413	2.57275318
207996_s_at	LDLRAD4	753	-3.507035768	4.406434462	-15.88549552	8.14E-05	0.00852544	2.544401434
232024_at	GIMAP2	26157	-2.913651391	4.906569991	-15.85375366	8.21E-05	0.008525784	2.535750627
203892_at	WFDC2	10406	-2.993186956	6.659751608	-15.8075796	8.30E-05	0.008555995	2.523128418
227198_at	AFF3	3899	-6.257864184	5.716816329	-15.75632758	8.41E-05	0.008555995	2.509064941
227501_at	NA	NA	-2.297847482	5.713613329	-15.72268728	8.48E-05	0.008555995	2.499803544
218820_at	C14orf132	56967	-2.726232781	4.867637098	-15.67213807	8.59E-05	0.008555995	2.485841251
221942_s_at	GUCY1A3	2982	-4.166205924	8.09862597	-15.67177385	8.59E-05	0.008555995	2.485740449
229947_at	PI15	51050	-7.120283773	6.001697401	-15.66227272	8.62E-05	0.008555995	2.483109892
224565_at	NA	NA	-3.737609448	10.32426041	-15.65160865	8.64E-05	0.008555995	2.480155026
205525_at	CALD1	800	-3.51560928	5.525859558	-15.64845246	8.65E-05	0.008555995	2.479280021
215870_s_at	PLA2G5	5322	-2.391347358	4.020344895	-15.6198954	8.71E-05	0.008555995	2.471353158
242868_at	NA	NA	-2.60097747	5.419270678	-15.53306121	8.91E-05	0.008665224	2.447140541
213001_at	ANGPTL2	23452	-2.880713536	5.226488717	-15.48679321	9.01E-05	0.008741966	2.434171759
238751_at	NA	NA	-5.175389458	5.464698794	-15.43771322	9.13E-05	0.008808591	2.420363098
223494_at	MGEA5	10724	-3.602511991	6.994807131	-15.40904031	9.20E-05	0.008808591	2.412271229
242903_at	IFNGR1	3459	-2.671391471	4.243477346	-15.39951339	9.22E-05	0.008808591	2.409578556
228702_at	LINC-PINT	378805	-4.310691122	6.774051678	-15.39795568	9.22E-05	0.008808591	2.409138096
217492_s_at	NA	NA	-3.773775878	5.37689029	-15.38180885	9.26E-05	0.008808591	2.404569195
32259_at	EZH1	2145	-2.014750426	7.012583892	-15.33341709	9.38E-05	0.008874389	2.39084132
201425_at	ALDH2	217	-4.616020535	7.080219304	-15.2977515	9.47E-05	0.008926821	2.380689943
221011_s_at	LBH	81606	-3.945476192	6.144154775	-15.23470538	9.63E-05	0.008973073	2.362674996
207761_s_at	METTL7A	25840	-6.076561653	7.588795569	-15.22119506	9.66E-05	0.008973073	2.358802783
204154_at	CDO1	1036	-3.130325947	4.739630896	-15.20426637	9.71E-05	0.008990614	2.353944956
235121_at	ZNF542P	147947	-2.431527296	4.705548469	-15.19163219	9.74E-05	0.008990614	2.35031521
240383_at	UBE2D3	7323	-3.910308907	5.293355779	-15.06068532	0.00010082	0.009233429	2.31247878
203139_at	DAPK1	1612	-3.705000408	5.530401589	-15.04681073	0.000101194	0.009252128	2.308446565
223824_at	RNLS	55328	-3.044086886	4.333407443	-15.0371621	0.000101455	0.009260477	2.305639852
227235_at	GUCY1A3	2982	-3.426828116	7.389870617	-15.01569282	0.000102038	0.009273648	2.29938682
225270_at	NEO1	4756	-3.87948097	6.016058315	-15.01292038	0.000102113	0.009273648	2.298578549
229530_at	GUCY1A3	2982	-3.873031829	6.448575904	-15.00691047	0.000102277	0.009273648	2.296825818
205471_s_at	DACH1	1602	-2.362909349	4.333414297	-14.93528382	0.000104259	0.009391002	2.275871447
202504_at	TRIM29	23650	-3.1832613	7.01891172	-14.92231817	0.000104622	0.009408265	2.272065449
239660_at	RALGAPA2	57186	-3.105889841	4.788224707	-14.90618635	0.000105077	0.009418179	2.267324497
241457_at	NA	NA	-3.701190671	4.554617101	-14.84421565	0.000106847	0.009482625	2.249054675
201236_s_at	BTG2	7832	-5.808438893	7.851795219	-14.74746349	0.000109685	0.009482625	2.220347525
213243_at	VPS13B	157680	-2.182658537	7.083209171	-14.74661596	0.00010971	0.009482625	2.220095065
230636_s_at	KLF9	687	-2.200428438	4.671480181	-14.72274823	0.000110425	0.009492941	2.212978214
205880_at	PRKD1	5587	-4.715562154	5.905170685	-14.71952377	0.000110522	0.009492941	2.212015692
1569320_at	GPBP1L1	60313	-2.223075282	4.587662722	-14.70018425	0.000111106	0.009492941	2.206237444
226038_at	LONRF1	91694	-2.95943162	7.249458688	-14.69599319	0.000111233	0.009492941	2.204984047
1559156_at	NA	NA	-3.868218483	5.21611481	-14.67387172	0.000111907	0.009492941	2.19836123
210102_at	VWA5A	4013	-2.748409551	5.199783758	-14.58165434	0.00011477	0.009580217	2.170624168
243715_at	NA	NA	-3.620850723	6.345138681	-14.55053068	0.000115757	0.009617881	2.161215704
205609_at	ANGPT1	284	-3.384831062	4.842702331	-14.53979615	0.0001161	0.009617881	2.157965185
214087_s_at	MYBPC1	4604	-7.597828141	6.856411937	-14.53084525	0.000116386	0.009617881	2.155252589
1554919_s_at	CFAP69	79846	-2.893205124	5.942441802	-14.52007457	0.000116733	0.009617881	2.151985869
204054_at	PTEN	5728	-2.752682391	4.573925835	-14.51785104	0.000116804	0.009617881	2.151311121
208763_s_at	TSC22D3	1831	-4.321547202	9.144081138	-14.44485276	0.000119187	0.00967516	2.12909089
234950_s_at	RFWD2	64326	-2.541976988	6.786790522	-14.39206846	0.000120948	0.009773448	2.112940656
203332_s_at	INPP5D	3635	-2.021313133	5.173160867	-14.32955842	0.000123075	0.009809399	2.093723855
231005_at	NA	NA	-2.081650289	5.430872982	-14.32140122	0.000123356	0.009809399	2.091208872
205597_at	SLC44A4	80736	-3.926998982	6.094590801	-14.30108613	0.000124059	0.009822134	2.084938081
232935_at	NA	NA	-2.262873153	5.186789467	-14.27993155	0.000124797	0.009845969	2.078396984
225996_at	LONRF2	164832	-3.233888639	5.130620515	-14.23960762	0.000126218	0.009900943	2.065896942
219132_at	PELI2	57161	-2.96404374	4.374315185	-14.19052244	0.000127975	0.00993896	2.050624631
